29.0077
29.0014
26.3045
29.2323
33.3111
28.6470
27.2247
27.6835
26.7126
28.7993
32.9976
27.5682
28.4002
29.8373
33.2136
24.5082
30.1147
29.1510
27.9856
31.1819
33.6779
29.9494
26.6368
26.4927
26.7067
28.7847
24.1078
27.7273
29.2884
29.5320
28.3353
29.0427
30.9340
27.3029
29.7558
28.6256
30.0977
33.0697
29.1875
26.9866
24.7054
33.0520
28.2827
26.7952
30.5816
26.2109
31.5919
24.8020
28.1030
30.2917
27.8398
26.4718
29.6312
30.2904
32.1103
28.6847
28.4536
38.4130
30.4921
30.9513
34.2637
33.6800
25.9691
30.1854
30.7484
31.0672
28.1701
29.5663
29.2431
0.9230
0.9170
0.8561
0.8906
0.9584
0.8882
0.8840
0.8870
0.8777
0.9194
0.9361
0.7564
0.8845
0.9026
0.9426
0.8809
0.9522
0.9073
0.9334
0.8923
0.9457
0.8980
0.8847
0.8699
0.8631
0.9004
0.8308
0.8767
0.9069
0.8964
0.8931
0.8982
0.9257
0.8769
0.9071
0.8704
0.9102
0.9482
0.9296
0.8646
0.8643
0.9467
0.9170
0.8335
0.9401
0.9013
0.9158
0.8902
0.8918
0.9280
0.9047
0.9191
0.9002
0.9014
0.9212
0.8967
0.8797
0.9869
0.8921
0.8952
0.9704
0.9384
0.8339
0.9322
0.9199
0.9031
0.8816
0.9459
0.9020
